// LEDライト　ON
int LED_ON[75] = {3400,1700, 400,1250, 400,1300, 400,450, 400,400, 400,1300, 400,1250, 400,450, 400,400, 400,450, 400,1250, 450,1250, 400,450, 400,1250, 400,450, 400,400, 400,450, 400,1250, 400,1300, 400,1250, 450,400, 400,450, 400,400, 400,450, 400,400, 400,1300, 400,400, 400,450, 400,400, 400,1300, 400,1250, 450,1250, 400,1300, 400,400, 400,1300, 400,1250, 400,1300, 400};

// LEDライト OFF
int LED_OFF[75] = {3400,1700, 400,1300, 400,1250, 400,450, 400,400, 400,1300, 400,1250, 400,450, 400,400, 450,400, 400,1250, 450,1250, 400,450, 400,1250, 400,450, 400,400, 400,450, 400,1250, 400,1300, 400,1250, 400,450, 400,400, 400,450, 400,1300, 400,400, 400,1300, 400,400, 400,450, 400,400, 400,1300, 400,1250, 400,450, 400,1250, 450,400, 400,1300, 400,1250, 400,1300, 400};

// LEDライト　豆電球 
int LED_MAME[75] = {3400,1700, 400,1250, 400,1300, 400,400, 450,400, 400,1300, 400,1250, 400,450, 400,400, 400,450, 400,1250, 400,1300, 400,400, 400,1300, 400,400, 400,450, 400,400, 400,1300, 400,1250, 450,1250, 400,450, 400,1250, 400,1300, 400,400, 400,450, 400,1250, 400,450, 400,400, 400,450, 400,400, 400,450, 400,1250, 400,1300, 400,400, 400,1300, 400,1300, 400,1250, 400};

// LEDライト　明るい
int LED_UP[75] = {3400,1650, 400,1300, 400,1250, 400,450, 400,400, 450,1250, 400,1300, 400,400, 400,450, 400,400, 400,1300, 400,1250, 400,450, 400,1250, 400,450, 400,400, 400,450, 400,1250, 450,1250, 400,1300, 400,400, 400,1300, 400,400, 400,450, 400,400, 400,1300, 400,400, 400,450, 400,400, 400,450, 400,1250, 450,1250, 400,1300, 400,400, 400,1300, 400,1250, 400,1300, 400};

// LEDライト　暗い
int LED_DOWN[75] = {3450,1650, 400,1300, 400,1250, 450,400, 400,400, 450,1250, 450,1250, 400,400, 400,450, 400,400, 400,1300, 400,1250, 400,450, 450,1250, 400,400, 400,450, 400,400, 400,1300, 400,1250, 400,1300, 400,400, 400,450, 400,1250, 450,400, 400,400, 450,1250, 400,450, 400,400, 400,450, 400,1250, 400,450, 400,1250, 400,1300, 400,400, 400,1300, 400,1250, 450,1250, 400};

// エアコン　暖房
int AC_DAN[100] = {3400,1650, 400,1250, 400,450, 400,450, 400,400, 400,450, 400,450, 400,400, 450,400, 400,450, 400,400, 450,400, 400,450, 400,1250, 400,450, 400,400, 450,400, 400,450, 400,400, 450,400, 400,450, 400,400, 450,400, 400,450, 400,450, 400,400, 400,450, 400,400, 450,400, 400,450, 400,400, 450,1250, 400,450, 400,1250, 400,1250, 400,1250, 450,1250, 400,1250, 400,1300, 400,400, 400,1300, 400,1250, 400,1250, 400,1300, 400,1250, 400,1250, 400,1300, 400,1250, 400,1250, 400,450 };

// エアコン　冷房
int AC_REI[100] = {3350,1650, 400,1300, 400,400, 400,450, 400,450, 400,400, 400,450, 400,450, 400,400, 450,400, 400,450, 400,400, 400,450, 400,1250, 400,450, 400,450, 400,400, 450,400, 400,450, 400,400, 450,400, 400,450, 400,400, 450,400, 400,450, 400,400, 450,400, 400,450, 400,400, 450,400, 400,450, 400,1250, 400,450, 400,1250, 450,1200, 450,1250, 400,1250, 400,1250, 450,1250, 400,400, 450,1250, 400,1250, 400,1300, 400,1250, 400,1250, 400,1300, 400,1250, 400,1250, 400,1300, 400,400 };

// エアコン　除湿
int AC_JYO[100] = {3350,1650, 400,1300, 400,400, 400,450, 400,450, 400,400, 400,450, 400,450, 400,400, 450,400, 400,450, 400,400, 400,450, 400,1250, 400,450, 400,450, 400,400, 450,400, 400,450, 400,400, 450,400, 400,450, 400,400, 450,400, 400,450, 400,400, 450,400, 400,450, 400,400, 450,400, 400,450, 400,1250, 400,450, 400,1250, 400,1250, 450,1250, 400,1250, 400,1250, 450,1250, 400,400, 450,1250, 400,1250, 400,1300, 400,1250, 400,1250, 400,1300, 400,1250, 400,1250, 400,1300, 400,400 };

// エアコン　停止
int AC_STOP[100] = {3350,1650, 450,1250, 400,400, 400,450, 400,450, 400,400, 400,450, 400,450, 400,400, 400,450, 400,450, 400,400, 400,450, 400,1250, 400,450, 400,450, 400,400, 400,450, 450,400, 400,400, 400,450, 450,400, 400,400, 400,450, 400,450, 400,400, 400,450, 400,450, 400,400, 400,450, 400,450, 400,1250, 400,450, 400,1250, 400,1250, 400,1300, 400,1250, 400,1250, 450,1250, 400,400, 400,1300, 400,1250, 400,1250, 450,1250, 400,1250, 400,1250, 450,1250, 400,1250, 400,1250, 450,400 };





